s =

  -0.19531
  -0.19531
  -0.18750
  -0.18750
  -0.18750
  -0.17969
  -0.17969
  -0.17969
  -0.17188
  -0.17188
  -0.16406
  -0.16406
  -0.16406
  -0.15625
  -0.14844
  -0.14062
  -0.13281
  -0.12500
  -0.12500
  -0.11719
  -0.10938
  -0.10156
  -0.10156
  -0.09375
  -0.09375
  -0.08594
  -0.08594
  -0.07812
  -0.07812
  -0.07031
  -0.07031
  -0.06250
  -0.05469
  -0.05469
  -0.04688
  -0.04688
  -0.03906
  -0.03906
  -0.03906
  -0.03125
  -0.03125
  -0.02344
  -0.02344
  -0.02344
  -0.02344
  -0.01562
  -0.01562
  -0.01562
  -0.01562
  -0.01562
  -0.01562
  -0.00781
  -0.00781
  -0.00781
  -0.00781
  -0.00781
  -0.00781
  -0.00781
  -0.00781
  -0.01562
  -0.01562
  -0.01562
  -0.02344
  -0.02344
  -0.02344
  -0.03125
  -0.03125
  -0.03906
  -0.03906
  -0.03906
  -0.04688
  -0.04688
  -0.04688
  -0.05469
  -0.05469
  -0.06250
  -0.06250
  -0.06250
  -0.07031
  -0.07031
  -0.07812
  -0.07812
  -0.08594
  -0.09375
  -0.10156
  -0.10938
  -0.11719
  -0.12500
  -0.12500
  -0.13281
  -0.13281
  -0.14062
  -0.14062
  -0.14844
  -0.14844
  -0.15625
  -0.15625
  -0.16406
  -0.17188
  -0.17188
  -0.17969
  -0.17969
  -0.18750
  -0.18750
  -0.18750
  -0.19531
  -0.19531
  -0.20312
  -0.20312
  -0.20312
  -0.21094
  -0.21094
  -0.21094
  -0.21094
  -0.21875
  -0.21875
  -0.21875
  -0.21875
  -0.21875
  -0.21875
  -0.22656
  -0.22656
  -0.22656
  -0.21875
  -0.21875
  -0.21875
  -0.21875
  -0.21094
  -0.21094
  -0.20312
  -0.20312
  -0.20312
  -0.19531
  -0.19531
  -0.19531
  -0.18750
  -0.18750
  -0.18750
  -0.17969
  -0.17969
  -0.17969
  -0.17188
  -0.17188
  -0.16406
  -0.16406
  -0.16406
  -0.15625
  -0.14844
  -0.14844
  -0.14062
  -0.13281
  -0.12500
  -0.11719
  -0.10938
  -0.10938
  -0.10156
  -0.09375
  -0.09375
  -0.08594
  -0.08594
  -0.07812
  -0.07812
  -0.07031
  -0.07031
  -0.06250
  -0.05469
  -0.05469
  -0.04688
  -0.04688
  -0.04688
  -0.03906
  -0.03906
  -0.03125
  -0.03125
  -0.02344
  -0.02344
  -0.02344
  -0.02344
  -0.01562
  -0.01562
  -0.01562
  -0.01562
  -0.00781
  -0.00781
  -0.00781
  -0.00781
  -0.00781
  -0.00781
  -0.00781
  -0.00781
  -0.00781
  -0.00781
  -0.00781
  -0.01562
  -0.01562
  -0.01562
  -0.02344
  -0.02344
  -0.02344
  -0.03125
  -0.03125
  -0.03906
  -0.03906
  -0.03906
  -0.04688
  -0.04688
  -0.04688
  -0.05469
  -0.05469
  -0.05469
  -0.06250
  -0.06250
  -0.07031
  -0.07031
  -0.07812
  -0.08594
  -0.09375
  -0.10156
  -0.10156
  -0.10938
  -0.11719
  -0.12500
  -0.12500
  -0.13281
  -0.13281
  -0.14062
  -0.14062
  -0.14844
  -0.14844
  -0.15625
  -0.15625
  -0.16406
  -0.16406
  -0.17188
  -0.17188
  -0.17969
  -0.17969
  -0.18750
  -0.18750
  -0.19531
  -0.19531
  -0.19531
  -0.20312
  -0.20312
  -0.20312
  -0.20312
  -0.21094
  -0.21094
  -0.21094
  -0.21094
  -0.21094
  -0.21094
  -0.21875
  -0.21875
  -0.21875
  -0.21875
  -0.21875
  -0.21875
  -0.21094
  -0.21094
  -0.20312
  -0.20312
  -0.20312
  -0.20312
  -0.19531
  -0.19531
  -0.18750
  -0.18750
  -0.18750
  -0.17969
  -0.17969
  -0.17188
  -0.17188
  -0.17188
  -0.16406
  -0.16406
  -0.15625
  -0.15625
  -0.15625
  -0.14844
  -0.14844
  -0.14062
  -0.13281
  -0.12500
  -0.11719
  -0.10938
  -0.10156
  -0.10156
  -0.09375
  -0.08594
  -0.08594
  -0.07812
  -0.07812
  -0.07031
  -0.07031
  -0.06250
  -0.06250
  -0.05469
  -0.04688
  -0.04688
  -0.03906
  -0.03906
  -0.03125
  -0.03125
  -0.03125
  -0.02344
  -0.02344
  -0.01562
  -0.01562
  -0.01562
  -0.00781
  -0.00781
  -0.00781
  -0.00781
   0.00000
   0.00000
   0.00000
   0.00000
   0.00000
   0.00000
   0.00781
   0.00781
   0.00781
   0.00781
   0.00000
   0.00000
   0.00000
  -0.00781
  -0.00781
  -0.00781
  -0.01562
  -0.01562
  -0.01562
  -0.02344
  -0.02344
  -0.02344
  -0.03125
  -0.03125
  -0.03906
  -0.03906
  -0.03906
  -0.04688
  -0.04688
  -0.04688
  -0.05469
  -0.05469
  -0.06250
  -0.06250
  -0.07031
  -0.07812
  -0.08594
  -0.09375
  -0.10156
  -0.10938
  -0.10938
  -0.11719
  -0.11719
  -0.12500
  -0.13281
  -0.13281
  -0.14062
  -0.14062
  -0.14844
  -0.14844
  -0.15625
  -0.15625
  -0.16406
  -0.16406
  -0.17188
  -0.17188
  -0.17969
  -0.17969
  -0.18750
  -0.18750
  -0.18750
  -0.19531
  -0.19531
  -0.19531
  -0.20312
  -0.20312
  -0.20312
  -0.20312
  -0.20312
  -0.20312
  -0.21094
  -0.21094
  -0.21094
  -0.21094
  -0.21094
  -0.21094
  -0.21094
  -0.21094
  -0.20312
  -0.20312
  -0.20312
  -0.19531
  -0.19531
  -0.19531
  -0.18750
  -0.18750
  -0.17969
  -0.17969
  -0.17969
  -0.17188
  -0.17188
  -0.17188
  -0.16406
  -0.16406
  -0.15625
  -0.15625
  -0.15625
  -0.14844
  -0.14844
  -0.14062
  -0.14062
  -0.13281
  -0.12500
  -0.11719
  -0.10938
  -0.10156
  -0.09375
  -0.09375
  -0.08594
  -0.07812
  -0.07812
  -0.07031
  -0.07031
  -0.06250
  -0.06250
  -0.05469
  -0.05469
  -0.04688
  -0.03906
  -0.03906
  -0.03125
  -0.03125
  -0.03125
  -0.02344
  -0.02344
  -0.01562
  -0.01562
  -0.00781
  -0.00781
  -0.00781
  -0.00781
   0.00000
   0.00000
   0.00000
   0.00000
   0.00000
   0.00781
   0.00781
   0.00781
   0.00781
   0.00781
   0.00781
   0.00781
   0.00781
   0.00781
   0.00781
   0.00000
   0.00000
  -0.00781
  -0.00781
  -0.00781
  -0.01562
  -0.01562
  -0.01562
  -0.02344
  -0.02344
  -0.02344
  -0.03125
  -0.03125
  -0.03906
  -0.03906
  -0.03906
  -0.04688
  -0.04688
  -0.04688
  -0.05469
  -0.05469
  -0.06250
  -0.07031
  -0.07812
  -0.08594
  -0.09375
  -0.10156
  -0.10156
  -0.10938
  -0.10938
  -0.11719
  -0.12500
  -0.12500
  -0.13281
  -0.13281
  -0.14062
  -0.14062
  -0.14844
  -0.15625
  -0.15625
  -0.16406
  -0.16406
  -0.17188
  -0.17188
  -0.17188
  -0.17969
  -0.17969
  -0.18750
  -0.18750
  -0.18750
  -0.19531
  -0.19531
  -0.19531
  -0.19531
  -0.20312
  -0.20312
  -0.20312
  -0.20312
  -0.20312
  -0.20312
  -0.20312
  -0.21094
  -0.21094
  -0.21094
  -0.20312
  -0.20312
  -0.20312
  -0.19531
  -0.19531
  -0.18750
  -0.18750
  -0.18750
  -0.17969
  -0.17969
  -0.17969
  -0.17188
  -0.17188
  -0.17188
  -0.16406
  -0.16406
  -0.15625
  -0.15625
  -0.15625
  -0.14844
  -0.14844
  -0.14062
  -0.14062
  -0.13281
  -0.12500
  -0.11719
  -0.10938
  -0.10938
  -0.10156
  -0.09375
  -0.08594
  -0.08594
  -0.07812
  -0.07812
  -0.07031
  -0.07031
  -0.06250
  -0.06250
  -0.05469
  -0.04688
  -0.04688
  -0.03906
  -0.03906
  -0.03125
  -0.03125
  -0.02344
  -0.02344
  -0.01562
  -0.01562
  -0.01562
  -0.00781
  -0.00781
  -0.00781
   0.00000
   0.00000
   0.00000
   0.00000
   0.00781
   0.00781
   0.00781
   0.00781
   0.00781
   0.00781
   0.01562
   0.01562
   0.01562
   0.01562
   0.00781
   0.00781
   0.00781
   0.00000
   0.00000
  -0.00781
  -0.00781
  -0.00781
  -0.01562
  -0.01562
  -0.02344
  -0.02344
  -0.02344
  -0.03125
  -0.03125
  -0.03125
  -0.03906
  -0.03906
  -0.03906
  -0.04688
  -0.04688
  -0.05469
  -0.05469
  -0.06250
  -0.07031
  -0.07812
  -0.08594
  -0.09375
  -0.09375
  -0.10156
  -0.10156
  -0.10938
  -0.11719
  -0.11719
  -0.12500
  -0.12500
  -0.13281
  -0.13281
  -0.14062
  -0.14844
  -0.14844
  -0.15625
  -0.15625
  -0.16406
  -0.16406
  -0.17188
  -0.17188
  -0.17188
  -0.17969
  -0.17969
  -0.18750
  -0.18750
  -0.18750
  -0.18750
  -0.19531
  -0.19531
  -0.19531
  -0.19531
  -0.19531
  -0.19531
  -0.20312
  -0.20312
  -0.20312
  -0.20312
  -0.20312
  -0.20312
  -0.20312
  -0.20312
  -0.19531
  -0.19531
  -0.19531
  -0.18750
  -0.18750
  -0.17969
  -0.17969
  -0.17969
  -0.17188
  -0.17188
  -0.17188
  -0.16406
  -0.16406
  -0.16406
  -0.15625
  -0.15625
  -0.14844
  -0.14844
  -0.14844
  -0.14062
  -0.14062
  -0.13281
  -0.12500
  -0.11719
  -0.10938
  -0.10156
  -0.10156
  -0.09375
  -0.08594
  -0.08594
  -0.07812
  -0.07031
  -0.07031
  -0.06250
  -0.06250
  -0.05469
  -0.05469
  -0.04688
  -0.04688
  -0.03906
  -0.03906
  -0.03125
  -0.03125
  -0.02344
  -0.02344
  -0.01562
  -0.01562
  -0.00781
  -0.00781
  -0.00781
   0.00000
   0.00000
   0.00000
   0.00000
   0.00781
   0.00781
   0.00781
   0.00781
   0.00781
   0.00781
   0.01562
   0.01562
   0.01562
   0.01562
   0.01562
   0.01562
   0.00781
   0.00781
   0.00781
   0.00000
   0.00000
  -0.00781
  -0.00781
  -0.00781
  -0.01562
  -0.01562
  -0.01562
  -0.02344
  -0.02344
  -0.02344
  -0.03125
  -0.03125
  -0.03906
  -0.03906
  -0.03906
  -0.04688
  -0.04688
  -0.05469
  -0.05469
  -0.06250
  -0.07031
  -0.07812
  -0.08594
  -0.09375
  -0.10156
  -0.10156
  -0.10938
  -0.10938
  -0.11719
  -0.12500
  -0.12500
  -0.13281
  -0.13281
  -0.14062
  -0.14062
  -0.14844
  -0.14844
  -0.15625
  -0.15625
  -0.16406
  -0.16406
  -0.17188
  -0.17188
  -0.17969
  -0.17969
  -0.17969
  -0.18750
  -0.18750
  -0.18750
  -0.19531
  -0.19531
  -0.19531
  -0.19531
  -0.19531
  -0.19531
  -0.20312
  -0.20312
  -0.20312
  -0.20312
  -0.20312
  -0.20312
  -0.20312
  -0.20312
  -0.20312
  -0.19531
  -0.19531
  -0.18750
  -0.18750
  -0.18750
  -0.17969
  -0.17969
  -0.17969
  -0.17188
  -0.17188
  -0.16406
  -0.16406
  -0.16406
  -0.15625
  -0.15625
  -0.15625
  -0.14844
  -0.14844
  -0.14062
  -0.14062
  -0.13281
  -0.13281
  -0.12500
  -0.11719
  -0.10938
  -0.10156
  -0.09375
  -0.09375
  -0.08594
  -0.07812
  -0.07812
  -0.07031
  -0.07031
  -0.06250
  -0.06250
  -0.05469
  -0.04688
  -0.04688
  -0.03906
  -0.03906
  -0.03125
  -0.03125
  -0.02344
  -0.02344
  -0.02344
  -0.01562
  -0.01562
  -0.00781
  -0.00781
  -0.00781
   0.00000
   0.00000
   0.00000
   0.00781
   0.00781
   0.00781
   0.00781
   0.00781
   0.00781
   0.01562
   0.01562
   0.01562
   0.01562
   0.01562
   0.01562
   0.00781
   0.00781
   0.00781
   0.00000
   0.00000
   0.00000
  -0.00781
  -0.00781
  -0.01562
  -0.01562
  -0.01562
  -0.02344
  -0.02344
  -0.02344
  -0.03125
  -0.03125
  -0.03125
  -0.03906
  -0.03906
  -0.04688
  -0.04688
  -0.04688
  -0.05469
  -0.06250
  -0.07031
  -0.07812
  -0.08594
  -0.08594
  -0.09375
  -0.10156
  -0.10156
  -0.10938
  -0.11719
  -0.11719
  -0.12500
  -0.12500
  -0.13281
  -0.13281
  -0.14062
  -0.14844
  -0.14844
  -0.15625
  -0.15625
  -0.16406
  -0.16406
  -0.16406
  -0.17188
  -0.17188
  -0.17969
  -0.17969
  -0.18750
  -0.18750
  -0.18750
  -0.18750
  -0.18750
  -0.19531
  -0.19531
  -0.19531
  -0.19531
  -0.19531
  -0.19531
  -0.20312
  -0.20312
  -0.20312
  -0.20312
  -0.20312
  -0.20312
  -0.19531
  -0.19531
  -0.19531
  -0.18750
  -0.18750
  -0.17969
  -0.17969
  -0.17969
  -0.17188
  -0.17188
  -0.17188
  -0.16406
  -0.16406
  -0.16406
  -0.15625
  -0.15625
  -0.14844
  -0.14844
  -0.14844
  -0.14062
  -0.14062
  -0.13281
  -0.13281
  -0.12500
  -0.11719
  -0.10938
  -0.10156
  -0.09375
  -0.09375
  -0.08594
  -0.07812
  -0.07812
  -0.07031
  -0.06250
  -0.06250
  -0.05469
  -0.05469
  -0.04688
  -0.04688
  -0.03906
  -0.03906
  -0.03125
  -0.03125
  -0.02344
  -0.02344
  -0.01562
  -0.01562
  -0.00781
  -0.00781
  -0.00781
   0.00000
   0.00000
   0.00000
   0.00000
   0.00781
   0.00781
   0.00781
   0.00781
   0.00781
   0.00781
   0.01562
   0.01562
   0.01562
   0.01562
   0.01562
   0.01562
   0.01562
   0.01562
   0.00781
   0.00781
   0.00000
   0.00000
   0.00000
  -0.00781
  -0.00781
  -0.01562
  -0.01562
  -0.01562
  -0.02344
  -0.02344
  -0.02344
  -0.02344
  -0.03125
  -0.03125
  -0.03906
  -0.03906
  -0.04688
  -0.04688
  -0.05469
  -0.05469
  -0.06250
  -0.07031
  -0.07812
  -0.08594
  -0.09375
  -0.10156
  -0.10156
  -0.10938
  -0.10938
  -0.11719
  -0.11719
  -0.12500
  -0.13281
  -0.13281
  -0.14062
  -0.14062
  -0.14844
  -0.14844
  -0.15625
  -0.15625
  -0.16406
  -0.16406
  -0.17188
  -0.17188
  -0.17188
  -0.17969
  -0.17969
  -0.18750
  -0.18750
  -0.18750
  -0.18750
  -0.19531
  -0.19531
  -0.19531
  -0.19531
  -0.19531
  -0.20312
  -0.20312
  -0.20312
  -0.20312
  -0.20312
  -0.20312
  -0.20312
  -0.19531
  -0.19531
  -0.19531
  -0.18750
  -0.18750
  -0.18750
  -0.17969
  -0.17969
  -0.17969
  -0.17188
  -0.17188
  -0.17188
  -0.16406
  -0.16406
  -0.15625
  -0.15625
  -0.15625
  -0.14844
  -0.14844
  -0.14844
  -0.14062
  -0.14062
  -0.13281
  -0.12500
  -0.11719
  -0.10938
  -0.10938
  -0.10156
  -0.09375
  -0.09375
  -0.08594
  -0.07812
  -0.07812
  -0.07031
  -0.07031
  -0.06250
  -0.06250
  -0.05469
  -0.04688
  -0.04688
  -0.03906
  -0.03906
  -0.03125
  -0.03125
  -0.03125
  -0.02344
  -0.02344
  -0.01562
  -0.01562
  -0.00781
  -0.00781
  -0.00781
  -0.00781
   0.00000
   0.00000
   0.00000
   0.00000
   0.00781
   0.00781
   0.00781
   0.00781
   0.00781
   0.00781
   0.00781
   0.01562
   0.00781
   0.00781
   0.00781
   0.00000
   0.00000
   0.00000
  -0.00781
  -0.00781
  -0.00781
  -0.01562
  -0.01562
  -0.02344
  -0.02344
  -0.02344
  -0.03125
  -0.03125
  -0.03125
  -0.03906
  -0.03906
  -0.04688
  -0.04688
  -0.04688
  -0.05469
  -0.05469
  -0.06250
  -0.07031
  -0.07812
  -0.08594
  -0.08594
  -0.09375
  -0.10156
  -0.10938
  -0.10938
  -0.11719
  -0.12500
  -0.12500
  -0.13281
  -0.13281
  -0.14062
  -0.14062
  -0.14844
  -0.15625
  -0.15625
  -0.16406
  -0.16406
  -0.16406
  -0.17188
  -0.17188
  -0.17969
  -0.17969
  -0.18750
  -0.18750
  -0.18750
  -0.19531
  -0.19531
  -0.19531
  -0.19531
  -0.20312
  -0.20312
  -0.20312
  -0.20312
  -0.20312
  -0.20312
  -0.20312
  -0.20312
  -0.21094
  -0.21094
  -0.21094
  -0.21094
  -0.20312
  -0.20312
  -0.19531
  -0.19531
  -0.18750
  -0.18750
  -0.18750
  -0.17969
  -0.17969
  -0.17969
  -0.17188
  -0.17188
  -0.16406
  -0.16406
  -0.16406
  -0.16406
  -0.15625
  -0.15625
  -0.15625
  -0.14844
  -0.14062
  -0.14062
  -0.13281
  -0.12500
  -0.12500
  -0.11719
  -0.10938
  -0.10156
  -0.09375
  -0.08594
  -0.08594
  -0.07812
  -0.07812
  -0.07031
  -0.07031
  -0.06250
  -0.06250
  -0.05469
  -0.04688
  -0.04688
  -0.03906
  -0.03906
  -0.03906
  -0.03125
  -0.03125
  -0.02344
  -0.02344
  -0.01562
  -0.01562
  -0.00781
  -0.00781
  -0.00781
   0.00000
   0.00000
   0.00000
   0.00781
   0.00781
   0.00781
   0.00781
   0.00781
   0.00781
   0.00781
   0.01562
   0.01562
   0.01562
   0.01562
   0.00781
   0.00781
   0.00781
   0.00000
   0.00000
  -0.00781
  -0.00781
  -0.01562
  -0.01562
  -0.02344
  -0.02344
  -0.02344
  -0.03125
  -0.03125
  -0.03906
  -0.03906
  -0.04688
  -0.04688
  -0.04688
  -0.05469
  -0.05469
  -0.06250
  -0.07031
  -0.07812
  -0.07812
  -0.09375
  -0.10156
  -0.10156
  -0.10938
  -0.11719
  -0.11719
  -0.12500
  -0.12500
  -0.13281
  -0.13281
  -0.14062
  -0.14844
  -0.14844
  -0.15625
  -0.15625
  -0.16406
  -0.16406
  -0.17188
  -0.17188
  -0.17969
  -0.17969
  -0.17969
  -0.18750
  -0.18750
  -0.18750
  -0.18750
  -0.18750
  -0.18750
  -0.18750
  -0.18750
  -0.18750
  -0.18750
  -0.18750
  -0.18750
  -0.18750
  -0.18750
  -0.18750
  -0.19531
  -0.19531
  -0.19531
  -0.18750
  -0.18750
  -0.18750
  -0.17969
  -0.17969
  -0.17969
  -0.17969
  -0.17969
  -0.17969
  -0.17969
  -0.17969
  -0.17188
  -0.17188
  -0.17188
  -0.16406
  -0.17188
  -0.17188
  -0.17188
  -0.17188
  -0.17188
  -0.17188
  -0.16406
  -0.15625
  -0.15625
  -0.15625
  -0.15625
  -0.14844
  -0.14062
  -0.13281
  -0.12500
  -0.11719
  -0.10156
  -0.10156
  -0.10156
  -0.09375
  -0.09375
  -0.09375
  -0.08594
  -0.08594
  -0.08594
  -0.07812
  -0.07812
  -0.07812
  -0.07031
  -0.07031
  -0.06250
  -0.04688
  -0.03906
  -0.02344
  -0.01562
  -0.00781
   0.00000
   0.00000
   0.00000
   0.00000
  -0.00781
  -0.00781
  -0.00781
  -0.00781
  -0.00781
  -0.00781
  -0.00781
  -0.00781
   0.00000
   0.00781
   0.02344
   0.03125
   0.03906
   0.04688
   0.04688
   0.05469
   0.03125
   0.02344
   0.00781
  -0.01562
  -0.01562
  -0.01562
  -0.01562
  -0.00781
   0.00000
  -0.00781
  -0.00781
  -0.00781
  -0.01562
  -0.02344
  -0.02344
  -0.03906
  -0.04688
  -0.06250
  -0.07031
  -0.07812
  -0.08594
  -0.09375
  -0.10938
  -0.11719
  -0.12500
  -0.14062
  -0.14062
  -0.14844
  -0.15625
  -0.15625
  -0.15625
  -0.17188
  -0.17188
  -0.18750
  -0.19531
  -0.19531
  -0.20312
  -0.20312
  -0.21094
  -0.21094
  -0.22656
  -0.23438
  -0.23438
  -0.23438
  -0.21875
  -0.20312
  -0.17969
  -0.17188
  -0.17188
  -0.17969
  -0.19531
  -0.21094
  -0.22656
  -0.23438
  -0.23438
  -0.23438
  -0.24219
  -0.25000
  -0.25000
  -0.25781
  -0.25000
  -0.24219
  -0.22656
  -0.21094
  -0.19531
  -0.18750
  -0.18750
  -0.19531
  -0.20312
  -0.20312
  -0.20312
  -0.19531
  -0.19531
  -0.17969
  -0.17969
  -0.16406
  -0.16406
  -0.15625
  -0.14844
  -0.14844
  -0.14062
  -0.14062
  -0.13281
  -0.13281
  -0.13281
  -0.13281
  -0.13281
  -0.12500
  -0.12500
  -0.11719
  -0.10938
  -0.10938
  -0.10156
  -0.10156
  -0.10156
  -0.10156
  -0.10156
  -0.10156
  -0.09375
  -0.09375
  -0.09375
  -0.08594
  -0.09375
  -0.10156
  -0.10156
  -0.10156
  -0.09375
  -0.08594
  -0.07812
  -0.07031
  -0.06250
  -0.06250
  -0.06250
  -0.07031
  -0.07031
  -0.07812
  -0.07812
  -0.07812
  -0.07031
  -0.07031
  -0.06250
  -0.05469
  -0.04688
  -0.02344
   0.00000
   0.00781
   0.02344
   0.03125
   0.01562
   0.00000
  -0.01562
  -0.03906
  -0.05469
  -0.05469
  -0.07031
  -0.07031
  -0.06250
  -0.07031
  -0.06250
  -0.05469
  -0.05469
  -0.04688
  -0.03125
  -0.02344
  -0.02344
  -0.03125
  -0.03906
  -0.05469
  -0.05469
  -0.07031
  -0.07031
  -0.06250
  -0.07031
  -0.07031
  -0.07812
  -0.09375
  -0.10156
  -0.09375
  -0.09375
  -0.09375
  -0.08594
  -0.09375
  -0.10938
  -0.11719
  -0.14062
  -0.14844
  -0.15625
  -0.16406
  -0.17188
  -0.17969
  -0.19531
  -0.21094
  -0.20312
  -0.21094
  -0.21094
  -0.20312
  -0.21094
  -0.22656
  -0.23438
  -0.24219
  -0.25781
  -0.25781
  -0.25781
  -0.26562
  -0.25781
  -0.26562
  -0.28125
  -0.28125
  -0.28906
  -0.28906
  -0.28906
  -0.28906
  -0.28125
  -0.28125
  -0.27344
  -0.27344
  -0.26562
  -0.24219
  -0.21875
  -0.20312
  -0.17969
  -0.16406
  -0.18750
  -0.19531
  -0.20312
  -0.23438
  -0.24219
  -0.24219
  -0.24219
  -0.23438
  -0.21875
  -0.21875
  -0.21094
  -0.20312
  -0.19531
  -0.17969
  -0.15625
  -0.14062
  -0.13281
  -0.12500
  -0.13281
  -0.14062
  -0.14844
  -0.14062
  -0.13281
  -0.12500
  -0.10156
  -0.08594
  -0.08594
  -0.07031
  -0.07812
  -0.07031
  -0.06250
  -0.05469
  -0.04688
  -0.03906
  -0.03125
  -0.03906
  -0.03906
  -0.04688
  -0.05469
  -0.05469
  -0.05469
  -0.05469
  -0.05469
  -0.05469
  -0.05469
  -0.05469
  -0.03906
  -0.03906
  -0.03906
  -0.03906
  -0.04688
  -0.05469
  -0.06250
  -0.07812
  -0.07812
  -0.07812
  -0.07812
  -0.06250
  -0.05469
  -0.05469
  -0.05469
  -0.06250
  -0.07812
  -0.08594
  -0.08594
  -0.09375
  -0.08594
  -0.07812
  -0.06250
  -0.05469
  -0.04688
  -0.03125
  -0.03125
  -0.02344
  -0.01562
  -0.03125
  -0.03906
  -0.05469
  -0.08594
  -0.10156
  -0.10938
  -0.12500
  -0.12500
  -0.11719
  -0.11719
  -0.11719
  -0.10938
  -0.10938
  -0.10938
  -0.10156
  -0.10156
  -0.10156
  -0.10156
  -0.10938
  -0.12500
  -0.14062
  -0.15625
  -0.17188
  -0.15625
  -0.15625
  -0.14844
  -0.13281
  -0.14062
  -0.14844
  -0.15625
  -0.16406
  -0.16406
  -0.16406
  -0.15625
  -0.16406
  -0.16406
  -0.17969
  -0.20312
  -0.21094
  -0.22656
  -0.23438
  -0.23438
  -0.24219
  -0.24219
  -0.24219
  -0.23438
  -0.24219
  -0.24219
  -0.24219
  -0.25000
  -0.25781
  -0.26562
  -0.28125
  -0.28125
  -0.28125
  -0.28906
  -0.28125
  -0.27344
  -0.27344
  -0.26562
  -0.26562
  -0.27344
  -0.26562
  -0.26562
  -0.26562
  -0.24219
  -0.21875
  -0.19531
  -0.16406
  -0.13281
  -0.13281
  -0.11719
  -0.12500
  -0.14844
  -0.15625
  -0.17188
  -0.18750
  -0.18750
  -0.18750
  -0.18750
  -0.17188
  -0.16406
  -0.15625
  -0.13281
  -0.10938
  -0.08594
  -0.06250
  -0.04688
  -0.03906
  -0.03906
  -0.04688
  -0.05469
  -0.07031
  -0.07031
  -0.07812
  -0.07812
  -0.07031
  -0.07031
  -0.05469
  -0.03906
  -0.01562
   0.00781
   0.03906
   0.05469
   0.05469
   0.04688
   0.03125
   0.01562
   0.00000
   0.00000
  -0.00781
  -0.00781
  -0.00781
  -0.01562
  -0.02344
  -0.02344
  -0.02344
  -0.01562
  -0.00781
   0.00000
   0.00781
   0.00000
  -0.00781
  -0.03125
  -0.04688
  -0.06250
  -0.07812
  -0.07812
  -0.09375
  -0.10156
  -0.10938
  -0.11719
  -0.10938
  -0.10938
  -0.09375
  -0.09375
  -0.10156
  -0.10156
  -0.11719
  -0.11719
  -0.10156
  -0.08594
  -0.05469
  -0.03125
  -0.02344
  -0.03125
  -0.04688
  -0.08594
  -0.10938
  -0.14062
  -0.16406
  -0.16406
  -0.17188
  -0.17188
  -0.17969
  -0.17969
  -0.18750
  -0.17969
  -0.17188
  -0.15625
  -0.13281
  -0.12500
  -0.11719
  -0.13281
  -0.14844
  -0.17188
  -0.18750
  -0.20312
  -0.21094
  -0.21094
  -0.21094
  -0.21094
  -0.21875
  -0.21094
  -0.20312
  -0.17969
  -0.15625
  -0.11719
  -0.10938
  -0.10938
  -0.12500
  -0.16406
  -0.19531
  -0.21875
  -0.22656
  -0.21875
  -0.20312
  -0.19531
  -0.20312
  -0.20312
  -0.21094
  -0.21875
  -0.20312
  -0.18750
  -0.17188
  -0.15625
  -0.16406
  -0.17188
  -0.19531
  -0.21094
  -0.22656
  -0.22656
  -0.22656
  -0.21875
  -0.21875
  -0.21094
  -0.20312
  -0.21094
  -0.20312
  -0.19531
  -0.18750
  -0.17188
  -0.16406
  -0.15625
  -0.14844
  -0.13281
  -0.10938
  -0.07031
  -0.03125
  -0.00781
   0.00781
  -0.00781
  -0.02344
  -0.04688
  -0.07031
  -0.07812
  -0.07812
  -0.07812
  -0.07031
  -0.05469
  -0.05469
  -0.04688
  -0.03906
  -0.03125
  -0.00781
   0.02344
   0.04688
   0.05469
   0.06250
   0.04688
   0.03125
   0.01562
   0.00000
   0.00000
   0.00000
   0.00781
   0.00781
   0.01562
   0.01562
   0.04688
   0.07031
   0.09375
   0.11719
   0.11719
   0.10938
   0.08594
   0.05469
   0.03125
   0.02344
   0.02344
   0.01562
   0.02344
   0.01562
   0.00000
  -0.01562
  -0.02344
  -0.03125
  -0.01562
  -0.00781
   0.00000
   0.00781
   0.00000
  -0.02344
  -0.05469
  -0.06250
  -0.08594
  -0.09375
  -0.10156
  -0.11719
  -0.11719
  -0.12500
  -0.12500
  -0.13281
  -0.13281
  -0.13281
  -0.14062
  -0.14062
  -0.14844
  -0.16406
  -0.16406
  -0.15625
  -0.14844
  -0.12500
  -0.09375
  -0.07812
  -0.07031
  -0.07812
  -0.10938
  -0.13281
  -0.15625
  -0.17969
  -0.18750
  -0.18750
  -0.19531
  -0.19531
  -0.19531
  -0.20312
  -0.20312
  -0.19531
  -0.18750
  -0.16406
  -0.14062
  -0.13281
  -0.12500
  -0.13281
  -0.15625
  -0.17188
  -0.18750
  -0.18750
  -0.18750
  -0.17969
  -0.17188
  -0.16406
  -0.15625
  -0.14844
  -0.14844
  -0.13281
  -0.12500
  -0.10938
  -0.09375
  -0.08594
  -0.08594
  -0.09375
  -0.10156
  -0.11719
  -0.12500
  -0.12500
  -0.12500
  -0.12500
  -0.12500
  -0.12500
  -0.12500
  -0.12500
  -0.12500
  -0.10938
  -0.09375
  -0.08594
  -0.07812
  -0.08594
  -0.09375
  -0.09375
  -0.10938
  -0.10938
  -0.10156
  -0.10156
  -0.09375
  -0.08594
  -0.07812
  -0.07812
  -0.07031
  -0.07031
  -0.07031
  -0.07031
  -0.07031
  -0.06250
  -0.04688
  -0.03125
   0.00000
   0.03125
   0.04688
   0.06250
   0.07031
   0.06250
   0.04688
   0.03125
   0.01562
   0.00781
   0.00000
  -0.00781
  -0.01562
  -0.01562
  -0.00781
  -0.00781
   0.00781
   0.02344
   0.03906
   0.05469
   0.06250
   0.06250
   0.06250
   0.05469
   0.03906
   0.02344
   0.01562
   0.00781
  -0.00781
  -0.00781
  -0.00781
  -0.00781
   0.00000
   0.00781
   0.02344
   0.02344
   0.03125
   0.03125
   0.03125
   0.02344
   0.01562
   0.00000
  -0.00781
  -0.02344
  -0.03906
  -0.05469
  -0.07031
  -0.08594
  -0.09375
  -0.10156
  -0.10938
  -0.10938
  -0.11719
  -0.11719
  -0.11719
  -0.12500
  -0.13281
  -0.14062
  -0.16406
  -0.17969
  -0.18750
  -0.20312
  -0.21094
  -0.20312
  -0.21094
  -0.21875
  -0.22656
  -0.23438
  -0.25000
  -0.25781
  -0.25000
  -0.24219
  -0.21094
  -0.17188
  -0.14062
  -0.10938
  -0.10156
  -0.10938
  -0.13281
  -0.15625
  -0.18750
  -0.21094
  -0.21875
  -0.23438
  -0.24219
  -0.24219
  -0.25000
  -0.25781
  -0.24219
  -0.22656
  -0.20312
  -0.16406
  -0.13281
  -0.11719
  -0.10938
  -0.10938
  -0.12500
  -0.14062
  -0.14844
  -0.16406
  -0.16406
  -0.16406
  -0.17188
  -0.17188
  -0.17188
  -0.16406
  -0.14844
  -0.11719
  -0.08594
  -0.04688
  -0.02344
  -0.02344
  -0.01562
  -0.03125
  -0.04688
  -0.06250
  -0.06250
  -0.06250
  -0.06250
  -0.05469
  -0.06250
  -0.07031
  -0.06250
  -0.06250
  -0.05469
  -0.03906
  -0.03125
  -0.02344
  -0.01562
  -0.02344
  -0.02344
  -0.03125
  -0.04688
  -0.05469
  -0.07031
  -0.07812
  -0.07812
  -0.07812
  -0.07812
  -0.06250
  -0.05469
  -0.05469
  -0.05469
  -0.05469
  -0.04688
  -0.02344
   0.01562
   0.05469
   0.09375
   0.13281
   0.12500
   0.09375
   0.07031
   0.02344
  -0.01562
  -0.02344
  -0.03906
  -0.04688
  -0.03125
  -0.04688
  -0.05469
  -0.04688
  -0.04688
  -0.03906
  -0.00781
   0.02344
   0.04688
   0.06250
   0.05469
   0.03125
   0.00000
  -0.02344
  -0.04688
  -0.06250
  -0.06250
  -0.07031
  -0.07031
  -0.07031
  -0.08594
  -0.08594
  -0.06250
  -0.05469
  -0.03125
   0.00781
   0.00000
  -0.00781
  -0.02344
  -0.06250
  -0.08594
  -0.10156
  -0.11719
  -0.12500
  -0.12500
  -0.13281
  -0.14844
  -0.14062
  -0.15625
  -0.15625
  -0.14844
  -0.14844
  -0.14844
  -0.14844
  -0.15625
  -0.17188
  -0.18750
  -0.19531
  -0.22656
  -0.24219
  -0.24219
  -0.27344
  -0.25781
  -0.26562
  -0.27344
  -0.25781
  -0.26562
  -0.26562
  -0.26562
  -0.25000
  -0.21875
  -0.17188
  -0.13281
  -0.09375
  -0.06250
  -0.07031
  -0.09375
  -0.11719
  -0.16406
  -0.19531
  -0.20312
  -0.21094
  -0.21875
  -0.20312
  -0.21094
  -0.20312
  -0.18750
  -0.18750
  -0.15625
  -0.12500
  -0.08594
  -0.05469
  -0.03906
  -0.03906
  -0.05469
  -0.07812
  -0.09375
  -0.10938
  -0.10938
  -0.10938
  -0.10156
  -0.09375
  -0.08594
  -0.07812
  -0.05469
  -0.03906
  -0.00781
   0.02344
   0.03906
   0.06250
   0.05469
   0.04688
   0.03125
   0.01562
   0.00781
   0.00781
   0.00000
   0.00000
   0.00000
   0.00000
   0.00000
   0.00781
   0.02344
   0.03125
   0.03906
   0.03906
   0.03906
   0.03125
   0.02344
   0.01562
   0.00000
  -0.01562
  -0.02344
  -0.03906
  -0.03906
  -0.03906
  -0.04688
  -0.03906
  -0.03906
  -0.03906
  -0.04688
  -0.03906
  -0.03906
  -0.01562
   0.01562
   0.04688
   0.07812
   0.10156
   0.10156
   0.07812
   0.05469
   0.01562
  -0.03125
  -0.04688
  -0.06250
  -0.07812
  -0.07031
  -0.07031
  -0.08594
  -0.07812
  -0.07031
  -0.07031
  -0.04688
  -0.02344
  -0.00781
   0.00000
   0.00000
  -0.02344
  -0.04688
  -0.07031
  -0.10156
  -0.12500
  -0.12500
  -0.13281
  -0.14062
  -0.14062
  -0.14844
  -0.14844
  -0.14062
  -0.11719
  -0.09375
  -0.07031
  -0.04688
  -0.05469
  -0.07031
  -0.09375
  -0.12500
  -0.14844
  -0.15625
  -0.17188
  -0.17188
  -0.17188
  -0.17969
  -0.18750
  -0.19531
  -0.19531
  -0.19531
  -0.18750
  -0.18750
  -0.17969
  -0.17969
  -0.18750
  -0.20312
  -0.21875
  -0.23438
  -0.25000
  -0.25781
  -0.25781
  -0.25781
  -0.26562
  -0.25000
  -0.25781
  -0.25000
  -0.24219

